20,20
[floor1]
0,0,0,0,0,0,0,0,0,0,0,0,0,0,0,0,0,0,0,0
0,0,0,0,0,-1,0,0,0,0,0,0,0,0,0,0,0,0,0,0
-1,0,0,-1,-1,-1,0,0,0,0,0,0,0,-1,-1,0,0,0,0,0
-1,0,A1,-1,0,0,0,0,0,0,0,0,-1,-1,0,0,0,0,0,0
-1,-1,-1,-1,0,0,0,0,0,0,0,-1,-1,0,0,0,0,0,0,0
0,0,-1,0,0,0,0,0,0,0,-1,0,0,0,-1,0,0,0,0,0
0,0,0,0,0,0,0,0,-1,-1,0,0,0,0,0,0,0,0,0,0
0,0,0,0,0,0,0,-1,-1,0,0,0,0,-1,-1,-1,0,0,0,0
0,0,0,0,0,-1,-1,-1,0,0,0,0,0,0,0,-1,-1,-1,0,0
0,0,0,-1,-1,-1,0,0,0,0,0,0,0,0,0,0,0,-1,0,0
0,0,-1,-1,0,0,0,0,0,0,0,0,0,0,0,0,0,-1,-1,0
-1,-1,-1,0,0,0,0,0,0,0,0,0,0,0,0,0,0,0,-1,-1
-1,0,0,0,0,0,0,0,0,0,0,0,0,0,0,0,0,0,0,0
0,0,0,0,0,0,0,0,0,0,0,0,-1,-1,-1,-1,-1,-1,0,0
0,0,0,0,0,0,0,0,0,0,0,0,0,0,0,0,0,0,0,0
0,0,0,0,0,0,0,0,-1,-1,-1,-1,-1,-1,-1,-1,0,0,0,0
0,0,0,0,0,0,0,-1,-1,0,0,0,0,0,T1,-1,0,0,0,0
0,0,0,0,0,-1,-1,-1,0,0,0,0,-1,-1,-1,-1,0,0,0,0
0,0,0,-1,-1,-1,0,0,0,-1,-1,-1,-1,0,0,0,0,0,0,0
0,-1,-1,-1,0,0,0,0,0,0,0,0,0,0,-1,0,0,0,0,0